Citation Distribution of 1981 Publications Catalogued by the ISI
and Cited Between 1981 and June 1997
This distribution covers all publications from ISI catalogued journals that were published in 1981 and 
cited during the period January 1981 - June 1997. This information was compiled by H. Small and D. 
Pendlebury of the Institute for Scientific Information.

   N	# of papers with N citations

   0 		 368110
   1 		  70836
   2 		  44127
   3 		  32625
   4 		  25910
   5 		  21627
   6 		  18202
   7 		  15595
   8 		  13507
   9 		  12101
  10 		  10751
  11 		   9510
  12 		   8658
  13 		   7815
  14 		   7224
  15 		   6427
  16 		   6085
  17 		   5493
  18 		   5205
  19 		   4697
  20 		   4347
  21 		   3976
  22 		   3776
  23 		   3499
  24 		   3320
  25 		   3065
  26 		   2986
  27 		   2726
  28 		   2499
  29 		   2354
  30 		   2298
  31 		   2125
  32 		   1992
  33 		   1869
  34 		   1721
  35 		   1746
  36 		   1680
  37 		   1537
  38 		   1481
  39 		   1467
  40 		   1228
  41 		   1242
  42 		   1116
  43 		   1138
  44 		   1050
  45 		    995
  46 		    996
  47 		    967
  48 		    919
  49 		    779
  50 		    799
  51 		    848
  52 		    761
  53 		    750
  54 		    666
  55 		    643
  56 		    643
  57 		    611
  58 		    588
  59 		    599
  60 		    563
  61 		    510
  62 		    508
  63 		    534
  64 		    454
  65 		    442
  66 		    450
  67 		    444
  68 		    406
  69 		    386
  70 		    358
  71 		    392
  72 		    368
  73 		    353
  74 		    349
  75 		    311
  76 		    354
  77 		    295
  78 		    271
  79 		    294
  80 		    270
  81 		    278
  82 		    256
  83 		    258
  84 		    242
  85 		    224
  86 		    227
  87 		    235
  88 		    216
  89 		    234
  90 		    190
  91 		    202
  92 		    195
  93 		    184
  94 		    175
  95 		    205
  96 		    194
  97 		    177
  98 		    191
  99 		    182
 100 		    164
 101 		    161
 102 		    133
 103 		    131
 104 		    140
 105 		    139
 106 		    138
 107 		    134
 108 		    129
 109 		    116
 110 		    124
 111 		     93
 112 		    108
 113 		    115
 114 		    102
 115 		    110
 116 		    114
 117 		    105
 118 		    104
 119 		    106
 120 		    107
 121 		    111
 122 		    121
 123 		    101
 124 		     88
 125 		     87
 126 		     94
 127 		    102
 128 		     76
 129 		     83
 130 		     85
 131 		     87
 132 		     71
 133 		     66
 134 		     62
 135 		     76
 136 		     79
 137 		     63
 138 		     64
 139 		     58
 140 		     74
 141 		     71
 142 		     45
 143 		     50
 144 		     49
 145 		     59
 146 		     49
 147 		     48
 148 		     56
 149 		     60
 150 		     64
 151 		     55
 152 		     52
 153 		     53
 154 		     56
 155 		     43
 156 		     35
 157 		     54
 158 		     42
 159 		     38
 160 		     51
 161 		     31
 162 		     38
 163 		     43
 164 		     39
 165 		     43
 166 		     31
 167 		     42
 168 		     43
 169 		     34
 170 		     50
 171 		     42
 172 		     38
 173 		     26
 174 		     33
 175 		     35
 176 		     24
 177 		     37
 178 		     31
 179 		     46
 180 		     32
 181 		     40
 182 		     18
 183 		     30
 184 		     25
 185 		     26
 186 		     42
 187 		     23
 188 		     19
 189 		     38
 190 		     21
 191 		     27
 192 		     84
 193 		     31
 194 		     20
 195 		     25
 196 		     21
 197 		     32
 198 		     19
 199 		     22
 200 		     21
 201 		     17
 202 		     24
 203 		     20
 204 		     19
 205 		     21
 206 		     30
 207 		     24
 208 		     20
 209 		     21
 210 		     22
 211 		     20
 212 		     16
 213 		     21
 214 		     11
 215 		     16
 216 		     17
 217 		     17
 218 		     11
 219 		     11
 220 		     11
 221 		     14
 222 		     16
 223 		     17
 224 		     16
 225 		     16
 226 		     16
 227 		     20
 228 		     10
 229 		     19
 230 		     13
 231 		      6
 232 		     11
 233 		     18
 234 		     10
 235 		     15
 236 		     12
 237 		     11
 238 		     10
 239 		     19
 240 		     15
 241 		      9
 242 		      8
 243 		     14
 244 		      6
 245 		      9
 246 		     15
 247 		     12
 248 		     11
 249 		     10
 250 		     12
 251 		     11
 252 		     15
 253 		      8
 254 		      6
 255 		      7
 256 		      9
 257 		      7
 258 		     16
 259 		     13
 260 		      8
 261 		     10
 262 		     11
 263 		      8
 264 		     10
 265 		     10
 266 		      5
 267 		     11
 268 		      7
 269 		     11
 270 		     11
 271 		      6
 272 		     15
 273 		     14
 274 		     17
 275 		      9
 276 		     13
 277 		      7
 278 		      4
 279 		      7
 280 		     15
 281 		      6
 282 		      7
 283 		      8
 284 		      9
 285 		     12
 286 		      7
 287 		      8
 288 		      3
 289 		      8
 290 		     10
 291 		      5
 292 		      5
 293 		      6
 294 		      5
 295 		      6
 296 		      7
 297 		      4
 298 		      7
 299 		     10
 300 		      6
 301 		      6
 302 		      8
 303 		      8
 304 		      1
 305 		      7
 306 		      4
 307 		      6
 308 		      8
 309 		      2
 310 		      7
 311 		      7
 312 		      9
 313 		      4
 314 		      8
 315 		      6
 316 		      8
 317 		      6
 318 		      3
 319 		      3
 320 		      4
 321 		      2
 322 		      3
 323 		      6
 324 		      6
 325 		      1
 326 		      6
 327 		      8
 328 		      4
 329 		      3
 330 		      5
 331 		      11
 332 		      2
 333 		      5
 335 		      8
 336 		      3
 337 		      7
 338 		      7
 339 		      8
 340 		      5
 341 		      2
 342 		      5
 343 		      4
 344 		      10
 345 		      5
 346 		      6
 347 		      8
 348 		      3
 349 		      2
 350 		      2
 351 		      5
 352 		      1
 353 		      2
 354 		      1
 355 		      1
 356 		      5
 357 		      1
 358 		      4
 359 		      3
 360 		      2
 361 		      2
 362 		      4
 363 		      3
 364 		      6
 365 		      6
 366 		      6
 367 		      5
 368 		      1
 369 		      5
 370 		      1
 371 		      7
 372 		      1
 373 		      4
 374 		      2
 375 		      3
 376 		      5
 377 		      2
 378 		      5
 379 		      6
 380 		      3
 381 		      4
 382 		      4
 383 		      3
 384 		      2
 385 		      1
 386 		      2
 387 		      2
 388 		      2
 389 		      3
 390 		      3
 391 		      2
 392 		      2
 393 		      5
 394 		      5
 395 		      2
 396 		      4
 397 		      3
 398 		      2
 399 		      6
 401 		      4
 402 		      1
 404 		      1
 405 		      3
 406 		      2
 407 		      3
 408 		      3
 409 		      2
 411 		      1
 412 		      3
 413 		      4
 414 		      4
 416 		      1
 418 		      2
 419 		      2
 420 		      2
 421 		      2
 422 		      2
 423 		      1
 424 		      4
 425 		      2
 426 		      1
 428 		      1
 429 		      2
 430 		      1
 431 		      2
 432 		      1
 433 		      3
 434 		      1
 435 		      5
 436 		      1
 437 		      3
 438 		      1
 439 		      2
 440 		      2
 441 		      2
 442 		      2
 443 		      5
 444 		      1
 446 		      2
 447 		      1
 448 		      3
 449 		      3
 450 		      3
 451 		      3
 452 		      2
 453 		      2
 454 		      5
 456 		      4
 457 		      1
 459 		      1
 460 		      4
 461 		      1
 462 		      1
 463 		      1
 464 		      3
 465 		      2
 466 		      2
 467 		      2
 469 		      1
 470 		      3
 471 		      4
 472 		      1
 473 		      1
 474 		      3
 475 		      4
 476 		      1
 479 		      2
 480 		      1
 481 		      1
 482 		      2
 484 		      3
 485 		      1
 487 		      1
 489 		      2
 491 		      5
 492 		      2
 493 		      2
 494 		      1
 495 		      1
 496 		      5
 499 		      2
 500 		      3
 502 		      2
 503 		      2
 504 		      1
 505 		      1
 507 		      1
 508 		      1
 509 		      1
 510 		      2
 512 		      2
 513 		      1
 516 		      1
 517 		      1
 518 		      2
 519 		      1
 520 		      1
 522 		      2
 523 		      1
 524 		      4
 525 		      2
 526 		      1
 527 		      2
 528 		      3
 529 		      2
 530 		      2
 531 		      4
 532 		      2
 533 		      2
 535 		      2
 542 		      1
 543 		      2
 544 		      1
 546 		      2
 547 		      2
 548 		      1
 549 		      2
 554 		      1
 555 		      1
 557 		      2
 558 		      1
 559 		      1
 562 		      1
 563 		      1
 565 		      1
 566 		      1
 567 		      2
 568 		      1
 572 		      1
 573 		      1
 576 		      1
 577 		      1
 579 		      1
 581 		      2
 582 		      2
 585 		      1
 587 		      1
 588 		      1
 589 		      1
 591 		      1
 592 		      1
 594 		      3
 595 		      1
 597 		      1
 599 		      2
 601 		      2
 604 		      1
 605 		      1
 607 		      1
 608 		      1
 609 		      1
 611 		      1
 615 		      2
 619 		      1
 620 		      1
 622 		      4
 624 		      1
 625 		      1
 626 		      1
 628 		      1
 630 		      1
 631 		      1
 632 		      4
 634 		      2
 635 		      2
 636 		      1
 646 		      1
 648 		      1
 650 		      1
 651 		      1
 652 		      1
 654 		      1
 658 		      1
 660 		      2
 661 		      1
 662 		      1
 666 		      1
 667 		      1
 671 		      1
 675 		      1
 685 		      1
 689 		      1
 690 		      1
 695 		      3
 697 		      2
 698 		      1
 702 		      1
 703 		      1
 706 		      1
 707 		      1
 711 		      1
 712 		      1
 713 		      1
 714 		      1
 717 		      1
 721 		      1
 723 		      2
 726 		      1
 728 		      1
 732 		      1
 738 		      1
 746 		      1
 759 		      1
 766 		      1
 770 		      2
 785 		      1
 796 		      1
 800 		      1
 802 		      1
 803 		      1
 808 		      1
 811 		      1
 821 		      1
 822 		      1
 823 		      1
 824 		      1
 840 		      1
 846 		      1
 853 		      3
 860 		      1
 861 		      1
 866 		      1
 879 		      1
 883 		      1
 900 		      1
 903 		      2
 904 		      1
 906 		      1
 918 		      1
 924 		      1
 928 		      1
 935 		      1
 951 		      1
 954 		      2
 955 		      1
 959 		      1
 966 		      1
 973 		      2
 978 		      1
 979 		      1
 988 		      2
 990 		      1
 994 		      1
1003 		      1
1008 		      1
1009 		      1
1023 		      1
1054 		      1
1062 		      1
1079 		      1
1092 		      1
1093 		      1
1099 		      1
1134 		      1
1158 		      1
1166 		      1
1183 		      1
1187 		      1
1188 		      1
1213 		      1
1225 		      1
1230 		      2
1234 		      1
1235 		      1
1247 		      1
1271 		      1
1322 		      1
1328 		      1
1333 		      1
1338 		      1
1347 		      1
1364 		      1
1382 		      1
1396 		      1
1437 		      1
1467 		      1
1578 		      1
1584 		      1
1593 		      1
1604 		      1
1621 		      1
1656 		      1
1664 		      1
1693 		      1
1774 		      1
1783 		      1
1822 		      1
1832 		      1
1836 		      1
1973 		      1
1980 		      1
2084 		      1
2148 		      1
2156 		      1
2331 		      1
2343 		      1
2363 		      1
2366 		      1
2408 		      1
2662 		      1
2803 		      1
3076 		      1
3277 		      1
5921 		      1
8678 		      1
8904 		      1
